0
4
20
21
22
476
23
24
25
477
26
27
28
29
30
31
478
32
33
34
35
36
37
38
39
40
479
41
42
43
44
45
46
47
480
48
49
50
51
52
53
481
54
55
56
482
57
58
483
59
60
61
62
63
64
65
66
67
68
484
69
485
70
71
72
73
74
75
76
77
78
79
80
81
82
83
84
486
85
86
87
88
89
90
91
487
488
92
93
489
94
95
96
97
98
99
490
491
100
101
102
103
104
105
106
107
108
109
110
111
112
113
114
115
116
117
492
118
119
120
121
122
123
124
125
126
127
128
493
129
130
131
132
133
134
135
136
137
138
139
140
141
142
143
144
145
146
147
148
149
150
151
152
153
154
155
156
494
157
158
159
160
161
162
163
164
495
165
166
167
168
496
169
170
497
171
172
173
174
175
176
177
178
498
499
179
180
181
182
183
184
185
186
500
501
187
188
189
190
502
191
192
193
194
195
196
197
198
199
200
201
202
203
503
204
504
205
206
207
505
506
208
209
210
211
212
213
214
507
215
216
217
218
219
220
221
508
222
223
224
225
509
226
227
228
229
230
510
231
232
1022
233
234
235
236
237
